$ANSIBLE_VAULT;1.1;AES256
35656634323338656233623164383132616465653437396265343337656665363962626233323765
3139613930346631626565356637386362313334326266330a366239326334613733333030303631
34643834373133373433653436633763633933373962356639383233363431623035353039613263
3163663861306230640a656331633838646635313162663365333561636430343031656336333366
38316636356262336561373965346666393464326666323535366539363932363535323366333965
64306333633337643236666236376637616635303636343235393434353762636335663633646561
32653264306233616662396330323061376238353132353431336431313833346631643330323735
31313734613862663236633634316439626439336336373939623466386561323231306532366234
35363465636239303635306438366465326339306164383832323062646632356665643135646564
64636361396435616663306537373133653632313866623932653137643531363439383534633562
35373238343239396166313334393239643438656462386663363836613339346639616166363936
30346365626564333538633634323833383237623432373734386531313732326632383037373261
35393034633064376136353563353034386165396230373365653761663938303862663832373635
3534326266383661333937386238623164613265313831346434
